8989
8989 3653 1289 377 85 13 1 
3653 1683 681 231 61 11 1 
1289 681 321 129 41 9 1 
377 231 129 63 25 7 1 
85 61 41 25 13 5 1 
13 11 9 7 5 3 1 
1 1 1 1 1 1 1 

